              precision    recall  f1-score   support

   119140141     1.0000    1.0000    1.0000         1
   120140156     1.0000    1.0000    1.0000         1
   121140135     1.0000    1.0000    1.0000         1
   122140001     1.0000    1.0000    1.0000         1
   122140005     1.0000    1.0000    1.0000         1
   122140006     0.0000    0.0000    0.0000         1
   122140008     0.0000    0.0000    0.0000         1
   122140009     1.0000    1.0000    1.0000         1
   122140010     0.5000    1.0000    0.6667         1
   122140012     0.3333    1.0000    0.5000         1
   122140016     0.0000    0.0000    0.0000         1
   122140018     1.0000    1.0000    1.0000         1
   122140027     0.0000    0.0000    0.0000         1
   122140038     1.0000    1.0000    1.0000         1
   122140039     1.0000    1.0000    1.0000         1
   122140043     1.0000    1.0000    1.0000         1
   122140055     1.0000    1.0000    1.0000         1
   122140056     0.5000    1.0000    0.6667         1
   122140076     1.0000    1.0000    1.0000         1
   122140077     0.0000    0.0000    0.0000         1
   122140087     0.5000    1.0000    0.6667         1
   122140095     1.0000    1.0000    1.0000         1
   122140098     0.0000    0.0000    0.0000         1
   122140100     0.0000    0.0000    0.0000         1
   122140101     0.0000    0.0000    0.0000         1
   122140103     0.0000    0.0000    0.0000         1
   122140104     1.0000    1.0000    1.0000         1
   122140107     0.0000    0.0000    0.0000         1
   122140116     1.0000    1.0000    1.0000         1
   122140117     1.0000    1.0000    1.0000         1
   122140118     1.0000    1.0000    1.0000         1
   122140119     0.0000    0.0000    0.0000         1
   122140122     0.0000    0.0000    0.0000         1
   122140127     1.0000    1.0000    1.0000         1
   122140129     0.0000    0.0000    0.0000         1
   122140130     0.0000    0.0000    0.0000         1
   122140132     1.0000    1.0000    1.0000         1
   122140134     1.0000    1.0000    1.0000         1
   122140135     0.5000    1.0000    0.6667         1
   122140137     1.0000    1.0000    1.0000         1
   122140138     1.0000    1.0000    1.0000         1
   122140140     1.0000    1.0000    1.0000         1
   122140141     1.0000    1.0000    1.0000         2
   122140144     1.0000    1.0000    1.0000         1
   122140145     1.0000    1.0000    1.0000         1
   122140150     0.5000    1.0000    0.6667         1
   122140152     1.0000    1.0000    1.0000         1
   122140153     1.0000    1.0000    1.0000         1
   122140155     0.0000    0.0000    0.0000         1
   122140156     1.0000    1.0000    1.0000         1
   122140160     1.0000    1.0000    1.0000         1
   122140163     1.0000    1.0000    1.0000         1
   122140164     1.0000    1.0000    1.0000         1
   122140165     0.5000    1.0000    0.6667         1
   122140169     1.0000    1.0000    1.0000         1
   122140170     0.0000    0.0000    0.0000         1
   122140171     1.0000    1.0000    1.0000         1
   122140172     1.0000    1.0000    1.0000         1
   122140173     1.0000    1.0000    1.0000         1
   122140182     1.0000    1.0000    1.0000         1
   122140187     1.0000    1.0000    1.0000         1
   122140198     0.3333    1.0000    0.5000         1
   122140202     1.0000    1.0000    1.0000         1
   122140207     1.0000    1.0000    1.0000         1
   122140208     0.5000    1.0000    0.6667         1
   122140209     1.0000    1.0000    1.0000         1
   122140219     0.0000    0.0000    0.0000         1
   122140222     0.0000    0.0000    0.0000         1
   122140236     1.0000    1.0000    1.0000         1
   122140239     0.0000    0.0000    0.0000         1

    accuracy                         0.7324        71
   macro avg     0.6595    0.7286    0.6810        71
weighted avg     0.6643    0.7324    0.6854        71
