              precision    recall  f1-score   support

   119140141       0.00      0.00      0.00         1
   120140156       1.00      1.00      1.00         1
   121140135       0.00      0.00      0.00         1
   122140001       0.00      0.00      0.00         1
   122140005       0.00      0.00      0.00         1
   122140006       0.00      0.00      0.00         1
   122140008       0.00      0.00      0.00         1
   122140009       0.00      0.00      0.00         1
   122140010       0.00      0.00      0.00         1
   122140012       1.00      1.00      1.00         1
   122140016       0.00      0.00      0.00         1
   122140018       1.00      1.00      1.00         1
   122140027       0.00      0.00      0.00         1
   122140038       1.00      1.00      1.00         1
   122140039       0.50      1.00      0.67         1
   122140043       0.50      1.00      0.67         1
   122140055       0.00      0.00      0.00         1
   122140056       0.00      0.00      0.00         1
   122140076       0.00      0.00      0.00         1
   122140077       0.00      0.00      0.00         1
   122140087       0.33      1.00      0.50         1
   122140095       0.50      1.00      0.67         1
   122140098       0.00      0.00      0.00         1
   122140100       0.00      0.00      0.00         1
   122140101       0.00      0.00      0.00         1
   122140103       0.00      0.00      0.00         1
   122140104       0.50      1.00      0.67         1
   122140107       0.00      0.00      0.00         1
   122140116       0.50      1.00      0.67         1
   122140117       1.00      1.00      1.00         1
   122140118       0.00      0.00      0.00         1
   122140119       0.00      0.00      0.00         1
   122140122       0.00      0.00      0.00         1
   122140127       1.00      1.00      1.00         1
   122140129       0.00      0.00      0.00         1
   122140130       0.00      0.00      0.00         1
   122140132       0.00      0.00      0.00         1
   122140134       0.00      0.00      0.00         1
   122140135       0.00      0.00      0.00         1
   122140137       1.00      1.00      1.00         1
   122140138       0.33      1.00      0.50         1
   122140140       0.33      1.00      0.50         1
   122140141       0.67      1.00      0.80         2
   122140144       1.00      1.00      1.00         1
   122140145       0.50      1.00      0.67         1
   122140150       0.50      1.00      0.67         1
   122140152       0.00      0.00      0.00         1
   122140153       0.00      0.00      0.00         1
   122140155       0.00      0.00      0.00         1
   122140156       0.00      0.00      0.00         1
   122140160       0.25      1.00      0.40         1
   122140163       0.00      0.00      0.00         1
   122140164       1.00      1.00      1.00         1
   122140165       1.00      1.00      1.00         1
   122140169       0.25      1.00      0.40         1
   122140170       0.00      0.00      0.00         1
   122140171       0.20      1.00      0.33         1
   122140172       0.00      0.00      0.00         1
   122140173       0.00      0.00      0.00         1
   122140182       0.50      1.00      0.67         1
   122140187       0.25      1.00      0.40         1
   122140198       0.00      0.00      0.00         1
   122140202       0.00      0.00      0.00         1
   122140207       0.00      0.00      0.00         1
   122140208       0.00      0.00      0.00         1
   122140209       0.00      0.00      0.00         1
   122140219       0.00      0.00      0.00         1
   122140222       0.00      0.00      0.00         1
   122140236       1.00      1.00      1.00         1
   122140239       0.00      0.00      0.00         1

    accuracy                           0.39        71
   macro avg       0.25      0.39      0.29        71
weighted avg       0.26      0.39      0.30        71
